-256 1
-255 1
-254 1
-253 1
-252 1
-251 1
-250 1
-249 1
-248 1
-247 1
-246 1
-245 1
-244 1
-243 1
-242 1
-241 1
-240 1
-239 1
-238 1
-237 1
-236 1
-235 1
-234 1
-233 1
-232 1
-231 1
-230 1
-229 1
-228 1
-227 1
-226 1
-225 1
-224 1
-223 1
-222 1
-221 1
-220 1
-219 1
-218 1
-217 1
-216 1
-215 1
-214 1
-213 1
-212 1
-211 1
-210 1
-209 1
-208 1
-207 1
-206 1
-205 1
-204 1
-203 1
-202 1
-201 1
-200 1
-199 1
-198 1
-197 1
-196 1
-195 1
-194 1
-193 1
-192 1
-191 1
-190 1
-189 1
-188 1
-187 1
-186 1
-185 1
-184 1
-183 1
-182 1
-181 1
-180 1
-179 1
-178 1
-177 1
-176 1
-175 1
-174 1
-173 3
-172 3
-171 2
-170 2
-169 3
-168 3
-167 6
-166 1
-165 5
-164 6
-163 3
-162 4
-161 5
-160 6
-159 7
-158 2
-157 3
-156 4
-155 6
-154 8
-153 6
-152 4
-151 6
-150 7
-149 6
-148 8
-147 12
-146 8
-145 6
-144 6
-143 5
-142 11
-141 7
-140 14
-139 8
-138 9
-137 14
-136 11
-135 14
-134 8
-133 17
-132 21
-131 11
-130 19
-129 15
-128 22
-127 19
-126 27
-125 22
-124 18
-123 24
-122 21
-121 27
-120 34
-119 29
-118 44
-117 44
-116 39
-115 47
-114 30
-113 30
-112 51
-111 55
-110 46
-109 44
-108 46
-107 44
-106 58
-105 42
-104 63
-103 52
-102 60
-101 62
-100 59
-99 48
-98 64
-97 77
-96 62
-95 72
-94 66
-93 70
-92 74
-91 77
-90 80
-89 92
-88 82
-87 97
-86 83
-85 75
-84 93
-83 114
-82 98
-81 102
-80 86
-79 119
-78 106
-77 115
-76 132
-75 128
-74 134
-73 131
-72 117
-71 124
-70 135
-69 149
-68 154
-67 161
-66 177
-65 153
-64 176
-63 177
-62 192
-61 173
-60 208
-59 225
-58 224
-57 235
-56 245
-55 275
-54 283
-53 273
-52 305
-51 317
-50 305
-49 302
-48 363
-47 355
-46 400
-45 364
-44 397
-43 433
-42 440
-41 462
-40 480
-39 482
-38 486
-37 534
-36 555
-35 579
-34 574
-33 647
-32 671
-31 740
-30 760
-29 831
-28 839
-27 935
-26 960
-25 1031
-24 1121
-23 1248
-22 1360
-21 1453
-20 1632
-19 1767
-18 2005
-17 2327
-16 2633
-15 2982
-14 3500
-13 4193
-12 5065
-11 6053
-10 7755
-9 10092
-8 13021
-7 16674
-6 22191
-5 28947
-4 37826
-3 48179
-2 58582
-1 67621
0 72789
1 67241
2 58574
3 47424
4 37360
5 28215
6 21273
7 16102
8 12126
9 9316
10 7347
11 5961
12 4716
13 3942
14 3257
15 2891
16 2486
17 2221
18 1817
19 1776
20 1599
21 1394
22 1282
23 1172
24 1082
25 989
26 877
27 838
28 795
29 673
30 669
31 611
32 582
33 544
34 511
35 465
36 449
37 427
38 393
39 396
40 367
41 362
42 322
43 318
44 306
45 273
46 253
47 266
48 246
49 265
50 241
51 251
52 238
53 202
54 218
55 194
56 203
57 221
58 200
59 198
60 193
61 192
62 185
63 183
64 184
65 175
66 161
67 156
68 178
69 139
70 167
71 142
72 122
73 144
74 115
75 125
76 109
77 138
78 124
79 114
80 116
81 111
82 106
83 100
84 101
85 97
86 100
87 93
88 90
89 82
90 83
91 70
92 76
93 53
94 64
95 53
96 41
97 50
98 52
99 35
100 47
101 28
102 50
103 42
104 46
105 34
106 30
107 37
108 35
109 36
110 31
111 41
112 32
113 33
114 27
115 33
116 24
117 25
118 21
119 22
120 28
121 17
122 16
123 25
124 13
125 21
126 16
127 18
128 15
129 11
130 14
131 8
132 5
133 5
134 4
135 8
136 5
137 6
138 6
139 7
140 5
141 10
142 3
143 1
144 7
145 4
146 4
147 4
148 2
149 6
150 4
151 3
152 2
153 1
154 1
155 1
156 1
157 2
158 1
159 1
160 2
161 2
162 1
163 1
164 1
165 1
166 1
167 1
168 1
169 1
170 1
171 1
172 1
173 1
174 1
175 1
176 1
177 1
178 1
179 1
180 1
181 1
182 1
183 1
184 1
185 1
186 1
187 1
188 1
189 1
190 1
191 1
192 1
193 1
194 1
195 1
196 1
197 1
198 1
199 1
200 1
201 1
202 1
203 1
204 1
205 1
206 1
207 1
208 1
209 1
210 1
211 1
212 1
213 1
214 1
215 1
216 1
217 1
218 1
219 1
220 1
221 1
222 1
223 1
224 1
225 1
226 1
227 1
228 1
229 1
230 1
231 1
232 1
233 1
234 1
235 1
236 1
237 1
238 1
239 1
240 1
241 1
242 1
243 1
244 1
245 1
246 1
247 1
248 1
249 1
250 1
251 1
252 1
253 1
254 1
255 1
256 1